2715
0 0 3 2
0 19 7 19
0 21 0 30
0 38 3 39
0 41 3 43
0 48 0 55
0 57 3 59
0 62 1 66
0 68 4 69
0 71 0 81
0 83 1 87
0 91 8 91
0 93 3 95
0 99 1 104
0 106 1 110
0 119 0 126
0 128 1 133
0 137 4 138
0 141 3 142
0 145 4 146
0 150 4 151
0 153 1 158
0 160 4 161
0 168 1 171
0 173 0 181
0 183 10 183
0 185 3 186
0 189 7 189
0 199 1 204
0 206 0 216
0 218 10 218
0 220 2 223
0 225 0 235
0 237 0 247
1 3 11 3
1 5 5 6
1 22 8 22
1 24 3 27
1 29 3 31
1 36 5 37
1 46 5 47
1 111 1 120
1 172 1 181
1 184 9 184
1 191 4 192
1 194 6 195
1 207 3 209
1 211 3 214
1 224 1 234
1 236 1 246
2 8 4 11
2 13 4 15
2 48 3 53
2 55 10 55
2 70 2 78
2 82 10 82
2 84 7 85
2 87 6 88
2 96 4 99
2 108 9 108
2 113 10 113
2 115 5 117
2 120 3 124
2 126 4 129
2 133 4 135
2 140 11 140
2 147 4 149
2 162 2 173
2 196 2 206
2 224 3 229
2 231 10 231
2 233 7 234
2 238 2 245
3 32 5 34
3 60 6 62
3 171 3 180
3 197 5 199
3 201 4 205
4 173 4 180
4 206 4 214
4 217 13 217
4 219 4 230
4 237 5 242
4 245 13 245
5 7 6 12
5 14 7 17
5 23 8 25
5 27 12 27
5 29 7 31
5 53 8 54
5 56 14 56
5 58 10 59
5 63 6 67
5 72 7 74
5 76 8 78
5 92 6 96
5 98 6 102
5 118 7 121
5 123 13 123
5 125 9 126
5 128 10 129
5 132 6 136
5 141 5 150
5 152 7 155
5 157 12 157
5 159 6 164
5 166 5 176
5 178 14 178
5 185 7 187
5 200 6 205
5 207 7 209
5 211 9 212
5 219 6 224
6 33 7 36
6 39 14 39
6 41 15 41
6 141 7 145
6 147 11 148
6 165 7 168
6 170 16 170
6 172 16 172
6 174 11 175
6 177 16 177
6 227 7 230
6 232 16 232
6 238 8 241
7 60 7 71
7 79 11 80
7 86 8 90
7 92 10 94
7 96 7 106
7 109 12 110
7 112 17 112
7 130 7 137
8 8 8 16
8 19 11 20
8 28 11 30
8 33 16 33
8 35 10 37
8 42 8 50
8 62 10 64
8 66 9 71
8 95 8 106
8 158 8 167
8 185 9 189
8 191 9 195
8 205 15 205
8 219 9 224
8 233 15 233
9 4 9 13
9 22 16 22
9 42 9 52
9 74 12 75
9 77 14 78
9 85 14 86
9 88 12 90
9 101 12 102
9 106 17 106
9 158 9 168
9 196 10 200
9 204 18 204
9 206 17 206
9 234 10 239
9 242 17 242
9 246 12 248
10 4 10 13
10 42 11 47
10 52 14 53
10 67 11 70
10 72 15 73
10 95 12 97
10 114 11 117
10 130 11 135
10 137 13 138
10 150 11 154
10 161 11 166
10 179 11 182
10 185 18 185
10 207 10 214
10 219 10 228
11 5 13 7
11 9 12 14
11 34 12 38
11 186 11 197
11 199 16 200
11 207 11 214
11 221 11 228
11 230 20 230
11 238 20 238
11 243 18 243
12 0 22 0
12 57 12 68
12 70 20 70
12 79 15 81
12 87 22 87
12 91 16 92
12 99 19 99
12 113 14 116
12 127 15 128
12 139 13 142
12 144 12 153
12 160 13 165
12 186 12 195
12 207 13 212
12 214 17 215
12 218 12 229
12 234 14 236
12 239 20 239
12 244 20 244
13 24 13 31
13 35 22 35
13 42 13 49
13 57 13 66
13 88 16 89
13 93 14 98
13 100 18 101
13 104 16 105
13 107 21 107
13 152 13 159
13 168 16 169
13 186 13 195
13 218 13 227
13 246 17 247
14 5 15 9
14 13 15 17
14 19 17 21
14 23 15 28
14 30 16 32
14 42 17 44
14 46 16 49
14 57 15 62
14 65 22 65
14 117 15 120
14 122 23 122
14 129 14 138
14 140 15 145
14 156 17 157
14 159 15 164
14 173 16 176
14 179 15 184
14 186 24 186
14 188 15 193
14 195 16 198
14 203 22 203
14 208 16 210
14 212 24 212
14 216 15 221
15 1 16 4
15 10 24 10
15 129 15 139
15 148 18 149
15 222 17 224
15 226 17 229
15 234 18 235
15 248 23 248
16 5 21 6
16 50 16 61
16 67 18 69
16 77 16 84
16 93 17 96
16 98 26 98
16 108 23 108
16 113 17 117
16 123 16 130
16 134 16 143
16 146 24 146
17 22 17 33
17 46 17 54
17 56 18 61
17 71 20 73
17 75 27 75
17 77 20 79
17 81 18 85
17 127 17 135
17 159 17 166
17 168 17 176
17 178 18 183
17 187 17 195
17 197 20 199
17 216 18 221
17 225 27 225
17 232 26 232
18 1 21 3
18 7 22 8
18 12 21 13
18 19 21 20
18 23 20 25
18 36 18 46
18 48 20 51
18 54 25 54
18 88 19 93
18 95 26 95
18 102 19 106
18 109 19 114
18 125 18 134
18 136 23 137
18 152 18 162
18 164 18 173
19 36 19 46
19 123 19 133
19 138 21 141
19 143 24 144
19 147 22 149
19 151 19 161
19 163 19 174
19 180 26 180
19 213 19 224
19 226 21 229
19 234 22 235
19 240 22 241
19 245 24 246
20 4 29 4
20 11 29 11
20 14 21 17
20 26 21 31
20 109 20 116
20 119 23 121
20 152 20 161
20 166 28 166
20 181 21 184
20 213 20 224
21 36 22 41
21 43 26 44
21 46 23 49
21 52 29 52
21 55 21 63
21 66 23 68
21 77 21 84
21 99 23 101
21 104 31 104
21 109 23 112
21 114 25 115
21 123 21 132
21 135 31 135
21 151 21 159
21 161 31 161
21 163 23 165
21 167 29 167
21 169 21 179
21 185 31 185
21 188 29 188
21 190 24 191
22 12 22 19
22 21 22 32
22 123 22 134
22 139 30 139
22 142 30 142
22 145 31 145
22 150 31 150
22 152 31 152
22 155 31 155
22 158 25 160
22 168 26 169
22 181 24 183
22 213 22 224
22 226 24 229
22 236 26 237
23 12 23 20
23 22 23 30
23 55 23 63
23 76 23 87
23 89 24 93
23 96 28 97
23 105 26 107
23 117 27 118
23 125 26 126
23 128 24 132
23 192 23 200
23 213 23 223
23 238 24 242
24 17 24 24
24 26 26 28
24 30 27 32
24 36 28 37
24 39 34 39
24 45 25 49
24 55 25 59
24 68 25 71
24 73 29 74
24 76 26 79
24 85 32 85
24 87 31 87
24 99 28 100
24 108 26 110
24 112 33 112
24 120 26 123
24 192 24 200
24 206 31 206
24 208 28 209
24 213 26 215
24 219 25 223
25 12 25 21
25 60 26 64
25 88 26 93
25 127 26 132
25 194 25 204
25 226 26 229
25 233 27 235
25 238 29 239
26 12 26 23
26 189 26 198
26 218 29 219
26 221 35 221
26 243 28 245
26 248 35 248
27 0 36 0
27 6 28 10
27 17 27 24
27 40 27 51
27 53 30 54
27 58 28 63
27 65 29 68
27 70 35 70
27 78 30 79
27 121 27 130
27 168 27 176
27 191 27 202
27 210 28 213
27 226 28 230
27 240 30 242
27 246 36 246
28 12 29 17
28 26 35 26
28 28 31 30
28 32 38 32
28 40 28 51
28 168 28 176
28 183 31 184
28 195 28 202
29 40 29 50
29 55 33 56
29 58 31 60
29 62 33 63
29 88 29 99
29 101 39 101
29 110 32 111
29 113 29 123
29 125 30 130
29 133 33 134
29 168 29 178
29 180 34 181
29 189 29 200
29 222 29 232
30 14 31 17
30 42 30 52
30 88 30 95
30 97 32 100
30 113 30 123
30 162 30 173
30 186 31 191
30 193 32 196
30 204 33 205
30 207 30 215
30 217 32 219
30 226 37 226
30 228 38 228
30 244 33 245
31 1 39 1
31 3 32 7
31 9 40 9
31 18 32 23
31 25 38 25
31 31 39 31
31 71 31 81
31 93 34 94
31 118 32 121
31 124 32 127
31 129 39 129
31 131 39 131
31 139 32 142
31 156 32 160
31 162 32 167
31 172 34 173
31 175 32 179
31 207 38 207
31 209 32 214
31 223 33 225
31 232 38 232
31 236 34 238
32 10 33 14
32 40 32 51
32 76 32 84
32 86 33 91
32 102 35 104
32 113 33 116
32 143 32 152
32 168 35 170
32 182 33 186
32 188 35 190
32 197 35 198
33 40 33 51
33 53 38 54
33 71 33 80
33 105 34 109
33 117 36 119
33 137 33 146
33 148 34 153
33 155 42 155
33 157 38 158
33 162 37 163
33 209 33 219
33 222 42 222
33 239 34 243
34 2 37 4
34 40 34 49
34 52 41 52
34 55 43 55
34 57 34 65
34 71 34 82
34 84 35 88
34 98 41 98
34 111 38 112
34 120 34 128
34 130 43 130
34 132 35 135
34 137 44 137
34 139 39 140
34 143 41 143
34 145 44 145
34 208 34 218
35 10 35 21
35 23 40 24
35 27 37 29
35 33 37 36
35 38 42 38
35 41 44 41
35 43 39 44
35 46 37 49
35 56 36 61
35 63 36 67
35 69 44 69
35 72 36 77
35 89 35 97
35 99 45 99
35 146 35 154
35 164 38 166
35 171 36 175
35 208 35 216
35 219 45 219
35 223 45 223
35 230 43 230
35 234 38 235
35 238 39 239
35 241 37 244
36 10 39 11
36 17 37 21
36 87 37 90
36 92 37 97
36 103 39 104
36 176 36 185
36 187 40 188
36 193 36 200
37 56 37 64
37 73 37 81
37 113 37 124
37 126 45 126
37 167 37 178
37 180 38 185
37 195 37 203
37 213 38 216
38 12 38 22
38 26 40 28
38 33 41 35
38 46 39 50
38 57 40 60
38 63 45 63
38 70 38 81
38 87 39 90
38 92 41 94
38 114 38 123
38 146 39 151
38 153 41 154
38 189 38 200
39 12 39 21
39 25 47 25
39 77 39 86
39 102 47 102
39 105 40 108
39 110 49 110
39 112 49 112
39 114 39 124
39 156 39 166
39 168 47 168
39 172 40 175
39 177 49 177
39 179 42 181
39 189 39 198
39 201 42 203
39 210 40 215
40 10 40 21
40 42 40 51
40 70 40 79
40 81 42 83
40 85 45 86
40 113 41 117
40 120 41 123
40 131 41 135
40 156 40 167
40 189 41 194
40 205 41 208
40 231 40 241
41 0 42 4
41 7 43 9
41 11 51 11
41 13 42 18
41 20 49 20
41 22 46 23
41 27 43 29
41 42 43 45
41 47 44 49
41 57 43 59
41 64 43 66
41 70 41 79
41 84 51 84
41 88 42 91
41 103 42 106
41 146 42 151
41 156 42 159
41 171 44 172
41 184 49 184
41 233 41 240
41 246 44 247
42 31 44 33
42 35 47 36
42 70 43 73
42 79 45 80
42 92 44 95
42 100 45 101
42 108 49 108
42 113 42 121
42 123 52 123
42 125 51 125
42 127 47 128
42 131 44 133
42 135 52 135
42 139 51 139
42 185 42 195
42 204 43 207
42 209 45 211
42 213 44 216
42 220 45 221
42 234 42 241
42 243 45 245
42 248 50 248
43 1 45 4
43 13 46 14
43 16 51 16
43 113 44 118
43 152 43 161
43 163 45 165
43 169 50 169
43 173 53 173
43 189 43 200
43 234 43 242
44 0 53 0
44 5 45 10
44 17 49 18
44 26 46 29
44 42 47 43
44 52 51 52
44 55 44 62
44 64 48 65
44 70 46 73
44 75 54 75
44 81 52 81
44 87 54 87
44 89 54 89
44 147 44 154
44 157 45 161
44 178 46 181
44 185 44 196
44 199 52 199
44 224 44 234
45 44 46 49
45 113 45 122
45 124 52 124
45 129 47 131
45 133 50 134
45 137 53 137
45 140 47 142
45 144 46 149
45 185 46 188
45 190 47 192
45 200 45 208
45 212 52 212
45 224 45 234
45 238 53 238
46 90 46 98
46 113 47 118
46 120 48 122
46 150 50 151
46 154 55 154
46 156 48 159
46 161 51 162
46 200 46 208
46 219 46 226
46 229 54 229
46 231 55 231
46 240 47 243
47 53 47 63
47 66 50 68
47 93 47 101
47 103 57 103
47 213 47 221
47 223 49 226
48 1 49 5
48 14 55 14
48 22 50 24
48 31 50 33
48 36 57 36
48 38 57 38
48 41 57 41
48 43 51 44
48 53 48 63
48 71 50 73
48 76 51 78
48 85 51 86
48 90 51 92
48 118 51 119
48 127 58 127
48 200 48 209
48 213 49 218
48 220 55 220
49 53 49 63
49 93 52 95
49 97 54 98
49 188 49 198
49 200 57 200
49 202 51 205
49 232 51 235
50 53 50 63
50 174 50 184
50 186 50 195
51 17 51 27
51 29 52 34
51 63 51 72
51 106 51 114
51 142 52 145
51 147 52 152
51 155 59 155
51 163 51 171
51 174 54 176
51 180 53 182
51 186 51 193
51 195 60 195
51 207 52 211
51 213 60 213
51 239 51 247
52 2 53 5
52 8 61 8
52 15 53 19
52 43 52 51
52 55 56 56
52 61 52 69
52 76 53 80
52 84 54 86
52 90 56 91
52 96 61 96
52 104 52 112
52 156 52 167
52 169 53 172
53 20 53 29
53 31 62 31
53 33 61 33
53 39 58 40
53 42 55 44
53 46 63 46
53 52 57 53
53 58 54 61
53 63 53 70
53 81 56 83
53 92 56 94
53 111 53 118
53 120 55 122
53 128 53 136
53 138 55 141
53 145 53 153
53 157 63 157
53 159 54 164
53 201 53 210
53 221 53 228
53 232 56 234
54 15 54 26
54 29 59 30
54 47 55 51
54 64 57 65
54 104 54 114
54 116 58 117
54 129 55 132
54 142 54 149
54 152 58 153
54 180 54 189
54 235 54 245
55 0 56 4
55 7 64 7
55 9 57 12
55 15 57 18
55 20 64 20
55 24 57 26
55 58 58 59
55 66 55 76
55 86 58 88
55 95 65 95
55 97 60 98
55 106 56 109
55 111 56 115
55 133 57 136
55 142 56 147
55 158 55 168
55 170 58 172
55 174 64 174
55 178 55 185
55 187 57 190
55 239 55 246
56 66 56 77
56 100 63 100
56 118 57 121
56 128 57 132
56 137 57 141
56 158 56 165
56 167 60 168
56 177 60 178
56 214 56 222
56 224 56 231
56 235 56 245
57 66 57 73
57 75 59 78
57 81 62 82
57 105 57 113
57 123 61 124
57 145 58 149
57 158 61 159
57 201 57 212
57 214 57 223
57 230 57 237
57 239 64 239
57 241 58 244
57 246 60 248
58 60 58 69
58 71 60 74
58 80 68 80
58 89 68 89
58 91 62 92
58 94 67 94
58 101 58 108
58 111 61 112
58 180 58 187
58 189 67 189
58 196 65 196
58 198 59 202
58 206 59 209
58 211 67 211
58 214 58 222
58 224 59 229
58 232 67 232
58 234 59 238
59 0 62 2
59 9 59 19
59 22 69 22
59 24 61 26
59 36 66 36
59 38 60 41
59 51 60 54
59 56 66 56
59 61 67 61
59 64 67 64
59 66 69 66
59 68 61 70
59 83 62 85
59 101 61 103
59 105 69 105
59 107 63 108
59 110 68 110
59 113 62 115
59 131 59 138
59 140 60 144
59 179 59 188
59 191 62 193
59 203 64 204
59 210 66 210
59 214 61 217
59 220 62 221
59 240 60 244
60 12 62 14
60 125 61 130
60 145 60 156
60 160 68 160
60 179 61 184
60 197 61 202
60 222 60 231
60 233 63 235
60 237 63 238
61 131 61 142
61 144 65 145
61 147 61 156
61 161 62 166
61 168 65 169
61 205 62 209
61 212 71 212
61 222 63 224
61 226 62 231
62 37 62 45
62 47 62 55
62 57 72 57
62 62 72 62
62 132 62 142
62 146 64 149
62 151 72 151
62 153 71 153
62 180 64 182
62 184 72 184
62 190 72 190
62 197 64 200
62 213 67 214
62 217 64 219
62 240 64 243
63 9 63 19
63 26 67 27
63 29 64 34
63 39 64 43
63 47 63 55
63 59 73 59
63 67 68 68
63 113 63 120
63 122 63 130
63 138 64 141
63 152 71 152
63 155 70 155
63 158 67 159
63 161 72 161
64 44 64 51
64 111 64 122
64 126 71 126
64 128 64 137
64 142 73 142
64 156 69 157
64 162 65 167
65 6 65 13
65 37 65 48
65 50 73 50
65 52 69 53
65 63 72 63
65 70 70 71
65 73 68 75
65 82 67 85
65 92 74 92
65 96 67 98
65 111 65 121
65 123 74 123
65 130 66 133
65 136 69 137
65 139 68 140
65 143 72 143
65 146 70 147
65 149 73 149
65 170 66 174
65 178 66 181
65 191 66 195
65 201 69 202
65 218 65 229
65 233 68 235
65 237 65 248
66 0 71 1
66 6 67 9
66 11 75 11
66 39 66 47
66 99 67 103
66 106 67 109
66 111 68 114
66 165 67 169
66 175 69 176
66 215 66 225
66 227 67 231
66 236 71 237
66 241 68 243
66 245 68 248
67 3 71 4
67 12 70 14
67 16 69 19
67 28 67 37
67 41 68 45
67 117 68 120
67 127 68 132
67 162 69 164
67 171 76 171
67 177 68 182
67 192 69 195
67 215 67 224
67 238 72 239
68 5 69 9
68 20 75 20
68 23 71 24
68 26 69 30
68 32 69 37
68 46 71 48
68 94 68 102
68 106 71 108
68 167 69 170
68 172 71 174
68 185 73 186
68 188 71 189
68 196 70 198
68 203 69 207
68 213 76 213
68 215 69 219
68 221 72 222
68 225 78 225
68 227 76 227
68 229 73 230
69 39 70 42
69 54 72 56
69 61 77 61
69 64 74 65
69 68 72 69
69 72 70 77
69 79 70 83
69 85 72 87
69 93 70 96
69 138 76 138
69 240 69 248
70 25 71 29
70 37 73 38
70 97 71 102
70 110 70 118
70 200 70 210
70 214 72 217
70 240 73 242
70 244 73 245
70 247 73 248
71 5 76 6
71 70 71 79
71 83 78 83
71 109 71 119
71 175 71 182
71 191 72 195
71 202 72 206
72 0 73 4
72 8 82 8
72 21 72 29
72 31 74 34
72 39 73 44
72 46 77 47
72 70 73 75
72 77 74 80
72 93 72 104
72 110 73 113
72 115 77 116
72 124 72 134
72 145 75 146
72 172 72 183
72 187 81 187
72 196 75 198
73 97 73 107
73 124 74 129
73 131 76 133
73 172 73 179
73 188 74 193
73 199 73 207
73 212 81 212
73 214 73 223
73 231 77 232
74 21 74 28
74 35 79 36
74 48 74 57
74 66 76 68
74 70 75 74
74 82 83 82
74 84 75 88
74 94 74 104
74 106 84 106
74 111 77 113
74 134 76 137
74 142 81 142
74 147 77 149
74 151 76 154
74 157 76 159
74 162 75 166
74 172 76 174
74 176 83 176
74 178 77 179
74 181 79 182
74 200 75 203
74 205 79 206
74 214 75 218
74 220 81 220
74 233 74 240
75 26 75 34
75 37 79 38
75 40 77 43
75 49 77 51
75 55 78 56
75 62 77 65
75 76 80 77
75 94 75 104
75 114 82 114
75 121 78 123
75 125 78 127
75 188 75 195
75 234 75 242
75 244 76 247
76 0 78 3
76 7 86 7
76 9 77 14
76 16 85 16
76 27 76 34
76 52 78 54
76 58 79 60
76 87 76 97
76 160 76 167
76 188 78 190
76 192 81 193
76 195 76 204
76 207 84 207
76 216 78 218
76 238 79 239
77 18 77 29
77 66 77 74
77 84 77 91
77 93 84 93
77 95 82 96
77 98 80 100
77 128 77 139
77 143 82 144
77 154 77 162
77 164 78 169
77 194 77 204
77 208 87 208
77 221 79 224
77 226 82 227
77 233 78 237
78 17 78 26
78 29 83 30
78 39 78 48
78 61 78 72
78 74 85 74
78 78 86 78
78 84 79 88
78 101 79 104
78 107 80 110
78 112 88 112
78 115 80 118
78 128 79 132
78 138 85 138
78 145 81 147
78 150 86 150
78 152 85 152
78 154 82 155
78 157 85 157
78 195 78 202
78 209 81 211
79 17 79 28
79 31 81 34
79 39 79 50
79 61 79 71
79 89 82 90
79 122 83 123
79 126 83 127
79 133 80 137
79 158 80 163
79 228 79 237
79 241 81 243
79 245 88 245
80 17 80 24
80 26 90 26
80 35 81 40
80 43 87 43
80 45 80 53
80 55 82 57
80 59 83 61
80 63 82 65
80 166 80 174
80 177 80 186
80 190 83 191
80 201 83 202
80 213 82 216
80 228 80 239
80 244 89 244
81 3 84 4
81 6 89 6
81 45 81 54
81 128 81 137
81 140 89 140
81 158 84 159
81 161 82 165
81 172 83 174
81 177 90 177
81 179 91 179
81 217 84 218
82 31 82 42
82 45 85 47
82 50 89 50
82 68 84 71
82 75 90 75
82 79 85 81
82 83 83 86
82 88 92 88
82 97 82 105
82 128 82 137
82 145 84 148
82 180 85 181
82 186 85 188
82 192 82 199
82 203 84 206
82 209 91 209
82 211 86 212
82 221 84 223
82 228 83 233
82 235 87 236
82 238 85 240
82 246 85 247
83 0 93 0
83 8 87 9
83 33 83 40
83 48 87 49
83 53 84 56
83 62 86 64
83 94 83 103
83 113 83 121
83 128 83 137
83 141 92 141
83 160 84 164
84 18 85 21
84 27 85 30
84 33 87 34
84 96 84 103
84 105 94 105
84 107 85 111
84 113 89 114
84 116 89 117
84 119 87 121
84 123 84 131
84 133 85 137
84 165 84 174
85 51 85 60
85 72 88 73
85 82 93 82
85 90 88 91
85 94 87 97
85 158 85 169
85 171 87 174
85 194 85 201
85 203 87 205
85 210 94 210
85 214 92 214
85 216 85 224
85 226 86 229
85 231 88 233
86 10 86 20
86 24 94 24
86 27 88 30
86 35 87 40
86 47 93 47
86 51 86 61
86 65 95 65
86 122 86 132
86 153 86 164
86 183 89 184
86 189 89 190
86 194 94 194
86 215 86 224
86 239 89 240
87 55 87 63
87 76 89 78
87 122 87 133
87 135 88 138
87 144 90 145
87 147 92 148
87 150 87 158
87 160 87 170
87 216 87 227
88 7 89 12
88 14 89 19
88 21 90 23
88 31 95 31
88 36 96 36
88 38 91 40
88 42 97 42
88 53 89 57
88 92 88 102
88 118 88 129
88 132 91 133
88 149 88 159
88 163 88 171
88 173 93 174
88 180 93 181
88 196 88 204
88 215 89 219
88 222 88 230
88 234 91 236
88 241 91 243
88 247 92 248
89 58 90 62
89 66 93 67
89 89 89 97
89 99 90 103
89 108 91 110
89 118 90 123
89 149 89 160
89 162 89 171
89 199 92 200
89 223 89 231
90 1 92 3
90 6 93 8
90 10 93 12
90 50 91 54
90 68 92 71
90 73 99 73
90 78 92 80
90 150 90 157
90 159 93 160
90 162 90 172
90 185 91 189
91 56 91 63
91 74 96 75
91 77 100 77
91 89 91 100
91 113 92 116
91 118 93 121
91 161 91 171
91 175 94 177
91 195 92 198
91 206 99 206
91 212 94 213
91 221 92 224
91 226 93 229
91 231 96 232
92 14 92 23
92 25 95 26
92 28 97 29
92 48 92 58
92 89 92 99
92 106 93 111
92 128 92 136
92 149 92 157
92 161 92 168
92 170 95 172
92 182 93 186
92 233 92 243
92 245 102 245
93 13 93 22
93 32 97 33
93 37 95 39
93 44 96 45
93 48 93 58
93 68 94 72
93 78 100 78
93 80 103 80
93 83 101 83
93 85 93 94
93 122 93 131
93 133 93 144
93 147 101 147
93 162 93 169
93 190 96 192
93 214 93 225
93 233 93 240
93 242 97 243
93 247 101 247
94 1 98 2
94 6 94 13
94 46 94 57
94 84 95 89
94 91 97 93
94 95 96 97
94 100 104 100
94 106 95 110
94 112 95 116
94 118 99 119
94 121 96 124
94 126 99 127
94 129 96 132
94 134 98 135
94 137 96 140
94 142 96 144
94 146 103 146
94 148 101 148
94 150 94 160
94 162 99 163
94 178 94 185
94 195 94 204
94 214 94 224
94 226 97 228
95 3 95 12
95 14 95 24
95 46 95 57
95 149 95 158
95 160 99 161
95 167 97 169
95 207 95 214
95 218 105 218
95 223 104 223
95 233 96 236
96 3 96 13
96 15 105 15
96 20 97 24
96 46 98 49
96 52 104 52
96 56 106 56
96 59 105 59
96 61 101 62
96 101 96 112
96 170 96 181
96 183 98 186
96 193 98 196
96 207 96 217
97 63 97 70
97 75 106 75
97 101 97 112
97 120 98 123
97 170 97 178
97 207 97 216
97 225 104 225
97 229 98 233
98 6 98 13
98 16 99 21
98 24 101 26
98 28 101 30
98 32 99 36
98 39 105 39
98 45 105 45
98 67 99 70
98 84 101 86
98 88 101 90
98 92 99 96
98 101 106 101
98 103 100 106
98 110 101 112
98 164 98 175
98 177 102 178
98 207 98 217
98 220 107 220
98 234 99 239
98 241 102 242
99 5 102 6
99 8 104 9
99 131 100 134
99 136 107 136
99 149 100 153
99 155 108 155
99 164 101 167
99 173 103 174
99 179 108 179
99 181 102 183
99 185 103 186
99 188 103 189
99 195 100 199
99 201 102 203
99 207 99 217
99 226 100 230
100 0 101 3
100 13 103 14
100 63 100 73
100 113 100 124
100 126 101 129
100 232 100 239
101 19 102 22
101 31 101 38
101 40 110 40
101 66 101 73
101 91 102 95
101 105 102 109
101 113 102 116
101 118 104 120
101 122 104 124
101 130 105 131
101 137 102 141
101 144 108 144
101 149 109 149
101 151 108 151
101 206 101 213
101 224 108 224
101 227 101 235
102 83 102 90
102 158 102 165
102 204 102 214
102 226 104 229
102 231 105 233
103 16 103 25
103 27 105 29
103 31 104 36
103 42 107 43
103 46 104 51
103 63 104 66
103 68 111 68
103 81 103 88
103 91 112 91
103 93 111 93
103 95 108 96
103 102 113 102
103 104 106 106
103 156 103 165
103 190 104 193
103 196 107 197
103 201 111 201
103 207 105 209
103 211 112 211
103 215 110 215
103 234 103 244
104 1 111 1
104 76 104 87
104 109 107 110
104 112 105 117
104 137 105 141
104 145 108 146
104 156 105 160
104 162 104 170
104 180 105 183
104 185 113 185
104 189 113 189
104 234 104 244
104 248 111 248
105 0 115 0
105 2 108 4
105 16 105 25
105 32 113 32
105 34 106 38
105 46 113 46
105 48 115 48
105 76 105 86
105 119 106 124
105 128 112 128
105 162 106 165
105 202 106 205
105 234 105 243
105 245 108 247
106 5 109 7
106 9 111 10
106 20 106 27
106 49 108 52
106 76 106 86
106 88 111 89
106 225 106 236
106 239 111 240
106 242 109 244
107 12 112 13
107 15 110 17
107 19 107 30
107 53 107 62
107 69 109 72
107 78 108 81
107 83 116 83
107 112 107 119
107 121 108 125
107 129 110 131
107 133 114 133
107 202 107 209
107 217 109 219
107 225 107 235
108 18 108 27
108 33 113 34
108 36 110 39
108 53 108 62
108 64 115 64
108 103 108 111
108 138 109 141
108 143 117 143
108 156 108 164
108 166 108 177
108 190 108 200
108 202 113 203
108 221 111 222
108 225 108 235
109 18 110 22
109 24 110 29
109 31 119 31
109 41 110 45
109 52 112 54
109 56 110 60
109 73 111 76
109 78 111 81
109 94 111 96
109 103 109 111
109 113 110 117
109 150 109 160
109 162 112 164
109 171 110 176
109 223 109 234
110 151 110 160
110 166 112 168
110 178 111 182
110 184 120 184
110 190 111 195
110 204 111 209
110 212 112 214
110 223 110 230
110 233 112 235
110 241 112 243
111 15 111 22
111 35 111 45
111 55 114 57
111 103 111 114
111 118 120 118
111 120 112 125
111 130 114 131
111 134 113 137
111 144 113 146
111 150 115 151
111 153 112 156
111 158 120 158
111 165 118 165
111 169 116 170
111 173 114 175
111 217 112 220
111 223 111 232
111 236 116 237
111 244 114 246
112 1 115 3
112 5 114 8
112 17 112 28
112 30 121 30
112 40 114 42
112 44 120 44
112 58 114 60
112 65 112 76
112 78 113 82
112 84 115 86
112 89 120 89
112 95 116 96
112 98 117 99
112 106 112 113
112 191 112 198
112 204 114 206
112 208 115 210
112 216 122 216
112 225 115 226
113 9 114 14
113 16 116 18
113 20 121 20
113 22 116 23
113 65 113 73
113 75 116 77
113 90 114 94
113 103 114 108
113 119 113 127
113 152 120 152
113 227 113 235
114 65 114 74
114 78 123 78
114 119 114 129
114 134 119 135
114 154 121 154
114 188 114 198
115 4 115 13
115 32 115 40
115 45 118 47
115 50 116 53
115 56 122 56
115 65 115 73
115 88 123 88
115 93 123 93
115 102 115 110
115 112 125 112
115 114 117 117
115 119 116 123
115 125 115 133
115 136 120 137
115 140 118 142
115 144 120 145
115 147 124 147
115 171 115 181
115 185 115 192
115 194 116 198
115 200 116 205
116 3 116 14
116 24 117 29
116 34 124 34
116 39 118 42
116 60 116 67
116 100 116 111
116 126 119 128
116 130 118 133
116 138 124 138
117 1 117 11
117 13 118 18
117 35 120 37
117 49 122 50
117 57 117 68
117 71 120 73
117 75 126 75
117 79 117 87
117 94 119 96
117 100 117 111
117 167 117 177
117 179 120 181
117 185 121 186
117 188 117 196
117 198 127 198
117 200 126 200
117 202 118 207
117 210 124 210
117 212 122 213
117 215 127 215
117 217 117 227
117 229 117 240
117 242 127 242
118 3 119 6
118 8 126 8
118 21 119 26
118 51 120 53
118 57 118 68
118 97 118 108
118 120 119 124
118 167 118 175
118 192 121 193
118 196 127 196
118 218 120 221
118 223 123 224
118 226 122 227
118 230 125 230
118 232 120 235
118 237 121 239
119 57 119 68
119 82 122 83
119 97 119 107
119 161 119 170
120 9 120 17
120 21 123 23
120 59 120 68
120 100 120 107
120 121 120 129
120 131 123 133
120 139 122 141
120 143 128 143
120 159 121 164
120 168 123 170
120 176 128 176
120 183 128 183
121 35 121 46
121 51 130 51
121 53 129 53
121 57 123 59
121 61 122 65
121 67 126 68
121 71 130 71
121 73 125 74
121 98 121 105
121 113 122 118
121 120 128 120
121 123 130 123
121 126 129 126
121 149 122 152
122 9 122 20
122 24 125 26
122 30 123 33
122 36 122 47
122 84 124 87
122 89 129 89
122 94 122 105
122 108 127 109
122 153 123 158
122 162 125 163
122 184 122 193
122 205 125 206
122 217 125 219
122 234 124 236
122 238 130 238
122 245 130 245
123 5 126 6
123 12 124 15
123 18 126 19
123 38 123 45
123 47 133 47
123 60 125 63
123 65 127 66
123 94 124 99
123 101 133 101
123 104 126 106
123 116 125 118
123 184 123 191
124 129 124 137
124 145 131 145
124 148 127 149
124 152 132 152
124 155 125 158
124 164 124 174
124 177 134 177
124 179 126 182
124 184 124 192
124 201 127 203
124 211 125 214
124 220 128 221
124 223 125 228
125 0 127 3
125 9 130 10
125 13 135 13
125 20 127 22
125 27 126 32
125 34 128 35
125 37 127 39
125 76 125 86
125 90 125 99
125 128 126 131
125 133 126 137
125 139 127 141
125 144 133 144
125 164 125 172
125 187 126 190
125 231 126 236
126 14 128 16
126 54 126 63
126 69 134 69
126 153 126 163
126 165 127 169
126 171 127 175
126 207 126 214
126 222 127 226
126 239 129 241
127 23 127 32
127 73 127 80
127 127 127 138
127 184 127 194
127 197 137 197
127 207 128 210
127 212 130 214
128 1 129 4
128 7 138 7
128 27 131 28
128 30 132 31
128 39 130 42
128 59 131 60
128 63 138 63
128 65 138 65
128 70 137 70
128 72 138 72
128 74 129 78
128 80 138 80
128 82 131 83
128 90 128 100
128 102 132 103
128 105 128 116
128 127 128 136
128 146 129 150
128 168 128 175
128 184 129 189
128 191 129 196
128 198 129 202
128 222 128 231
129 90 129 97
129 104 129 111
129 153 129 164
129 203 129 211
129 215 139 215
129 217 137 217
129 219 132 221
129 223 132 224
129 227 138 227
129 229 129 237
130 85 130 94
130 96 132 99
130 111 131 114
130 118 133 120
130 126 134 127
130 153 130 160
130 162 140 162
130 178 132 180
130 187 132 189
130 198 130 208
130 232 133 233
131 0 132 5
131 8 136 9
131 16 134 17
131 19 134 21
131 32 131 41
131 48 132 53
131 57 140 57
131 84 131 95
131 104 136 105
131 109 138 109
131 121 134 122
131 132 132 136
131 153 131 161
131 198 132 202
131 204 136 205
131 207 133 210
131 234 131 243
132 32 132 43
132 59 134 61
132 64 142 64
132 67 140 67
132 73 133 76
132 84 133 87
132 89 133 94
132 100 142 100
132 110 133 114
132 128 134 131
132 145 133 149
132 153 134 156
132 158 135 160
133 23 133 32
133 39 133 46
133 50 141 50
133 132 133 143
133 157 142 157
133 190 134 193
133 195 138 196
133 200 140 200
133 202 142 202
133 235 133 242
133 244 135 247
134 0 139 1
134 3 136 5
134 22 135 27
134 29 135 34
134 37 142 37
134 41 136 43
134 48 137 49
134 51 136 53
134 73 135 77
134 82 135 86
134 88 135 92
134 110 134 120
134 125 144 125
134 132 138 133
134 135 135 139
134 143 142 143
134 145 139 146
134 148 137 150
134 163 135 168
134 172 142 172
134 178 135 182
134 185 135 189
134 228 134 237
134 240 141 240
135 10 138 12
135 15 139 16
135 18 139 19
135 38 139 39
135 58 136 62
135 66 145 66
135 110 135 120
135 128 142 128
135 228 135 238
136 24 136 31
136 83 136 91
136 93 139 94
136 112 136 119
136 129 138 131
136 135 140 136
136 138 146 138
136 152 137 155
136 158 145 158
136 161 144 161
136 164 138 166
136 173 139 174
136 176 138 179
136 181 136 189
136 191 137 194
136 198 145 198
137 20 137 29
137 34 141 35
137 81 137 90
137 180 137 190
137 203 141 204
137 206 142 207
137 209 138 214
137 218 138 222
137 228 137 237
137 239 146 239
138 20 139 25
138 27 142 28
138 36 146 36
138 40 148 40
138 42 145 42
138 45 139 48
138 84 138 91
138 101 139 106
138 110 140 113
138 116 148 116
138 118 143 119
138 180 138 189
138 191 143 192
138 229 138 237
139 2 140 7
139 68 139 76
139 78 141 81
139 175 139 185
139 228 139 236
139 241 144 242
139 244 143 245
140 8 140 18
140 20 141 25
140 29 150 29
140 31 150 31
140 38 147 38
140 68 140 77
140 84 143 85
140 87 141 92
140 95 142 97
140 103 147 103
140 105 150 105
140 121 142 124
140 129 142 132
140 139 144 140
140 144 142 147
140 173 140 182
140 208 140 215
140 217 143 219
140 225 147 225
140 227 140 238
140 246 145 247
141 0 141 10
141 12 143 15
141 17 143 19
141 55 142 58
141 62 146 63
141 65 151 65
141 106 141 114
141 133 145 134
141 136 149 136
141 141 150 141
141 148 142 152
141 162 142 166
141 169 143 171
141 178 144 179
141 183 149 183
141 226 141 237
142 0 143 4
142 6 144 9
142 11 151 11
142 20 143 25
142 39 150 39
142 43 145 45
142 70 142 81
142 106 142 114
142 230 142 237
143 46 143 57
143 72 144 76
143 78 153 78
143 80 146 82
143 86 144 91
143 94 146 95
143 98 146 100
143 102 152 102
143 106 148 107
143 111 146 112
143 114 150 114
143 142 143 150
143 160 151 160
143 162 146 163
143 199 143 207
143 226 143 234
144 0 145 5
144 12 145 17
144 22 145 25
144 48 145 52
144 58 145 61
144 117 145 122
144 142 144 150
144 152 146 154
144 171 145 174
144 184 144 193
144 201 144 208
144 215 147 216
145 67 145 74
145 77 154 77
145 83 150 84
145 86 150 87
145 89 154 89
145 123 146 128
145 143 146 146
145 148 149 149
145 151 155 151
145 157 154 157
145 164 146 169
145 175 150 176
145 178 154 178
145 184 149 185
145 187 153 187
145 193 147 195
145 199 146 204
145 206 145 213
145 217 148 219
145 226 145 237
146 12 146 23
146 25 148 28
146 32 149 34
146 41 148 44
146 46 146 56
146 205 146 213
146 221 155 221
146 223 151 224
146 226 146 236
146 240 147 243
147 2 148 6
147 45 147 56
147 59 149 61
147 63 150 64
147 117 147 125
147 127 148 132
147 137 152 138
147 142 155 142
147 144 151 145
147 161 147 171
147 179 148 182
147 188 148 192
147 196 147 206
147 230 147 238
148 16 148 23
148 46 149 50
148 52 156 52
148 55 157 55
148 66 149 71
148 73 152 74
148 81 155 81
148 85 156 85
148 88 157 88
148 90 151 92
148 94 151 95
148 108 149 111
148 117 155 117
148 120 149 123
148 152 149 156
148 164 148 171
148 193 153 194
148 196 156 196
148 198 153 199
148 201 149 205
148 207 148 216
148 220 157 220
148 222 157 222
148 226 155 226
148 228 149 232
148 234 148 242
148 244 150 247
149 0 151 3
149 6 150 9
149 12 151 15
149 17 158 17
149 19 149 28
149 96 150 100
149 124 151 126
149 161 149 172
149 188 152 190
149 206 149 215
149 233 150 237
150 18 150 28
150 32 151 37
150 41 154 42
150 45 151 50
150 57 151 61
150 200 150 211
150 214 153 216
150 227 152 230
150 238 151 242
151 4 153 7
151 18 154 20
151 22 152 27
151 66 152 71
151 82 154 84
151 86 158 86
151 96 156 97
151 103 151 114
151 118 159 118
151 130 152 133
151 161 151 172
151 174 160 174
151 176 155 177
151 179 158 179
151 182 161 182
151 202 152 207
151 209 152 213
151 217 154 219
151 233 153 235
151 237 161 237
152 28 152 37
152 43 155 45
152 47 162 47
152 56 153 61
152 79 159 79
152 91 153 94
152 103 152 113
152 119 154 121
152 123 154 125
152 127 155 129
152 158 152 169
152 171 155 173
152 238 152 248
153 0 161 0
153 21 153 32
153 34 161 34
153 36 156 37
153 39 157 40
153 62 153 70
153 72 154 75
153 98 156 99
153 101 153 109
153 111 156 112
153 115 162 115
153 126 161 126
153 130 156 132
153 143 154 148
153 158 154 162
153 165 160 165
153 167 162 167
153 200 154 205
153 238 153 248
154 4 155 7
154 9 155 14
154 22 157 23
154 28 155 32
154 48 155 51
154 57 154 65
154 67 156 70
154 90 157 92
154 94 164 94
154 100 157 101
154 103 155 107
154 133 155 138
154 152 157 154
154 168 157 170
154 183 157 185
154 206 154 216
154 228 155 232
154 234 158 235
155 197 155 208
155 210 156 213
155 223 157 225
155 240 157 242
156 2 159 3
156 6 163 6
156 133 156 144
156 146 157 151
156 197 156 208
157 25 157 32
157 56 157 65
157 67 164 67
157 103 157 111
157 120 158 124
157 130 158 134
157 136 159 139
157 142 161 143
157 155 158 160
157 186 158 189
157 192 159 194
157 196 159 198
157 200 157 210
157 213 167 213
157 215 161 216
157 226 159 229
157 231 162 232
157 244 165 244
157 246 167 246
158 7 158 16
158 18 158 28
158 35 158 43
158 45 162 46
158 48 158 55
158 95 158 105
158 109 160 111
158 127 161 129
158 144 160 147
158 149 162 150
158 168 161 169
158 199 159 203
158 205 162 206
158 208 160 211
158 217 161 218
159 10 159 18
159 20 163 21
159 23 164 24
159 26 164 27
159 29 160 32
159 35 160 38
159 40 163 41
159 44 168 44
159 49 169 49
159 51 168 51
159 53 160 56
159 58 160 63
159 71 160 75
159 80 160 85
159 89 160 93
159 95 163 96
159 98 164 99
159 103 161 105
159 151 159 161
160 7 160 18
160 68 163 69
160 130 160 140
160 186 160 194
160 196 164 197
160 221 160 229
160 233 163 235
160 238 161 243
161 7 162 12
161 15 168 15
161 22 171 22
161 53 161 60
161 70 162 75
161 77 164 79
161 81 169 81
161 85 169 85
161 88 170 88
161 91 170 91
161 116 161 123
161 133 161 141
161 151 162 155
161 170 161 181
161 185 161 192
161 207 162 211
161 220 162 224
162 16 163 19
162 28 162 38
162 52 164 55
162 57 164 60
162 100 162 111
162 113 167 114
162 116 163 121
162 123 162 134
162 136 162 147
162 161 169 161
162 163 164 166
162 175 163 180
162 182 163 186
162 190 170 190
162 199 163 203
162 214 171 214
162 216 167 217
162 225 163 230
162 236 167 237
162 239 165 241
162 247 169 247
163 0 167 1
163 7 165 10
163 12 171 12
163 25 171 25
163 28 168 29
163 35 166 36
163 38 171 38
163 45 170 45
163 47 172 47
163 61 166 62
163 100 163 108
163 122 163 131
163 133 168 134
163 138 168 139
163 141 166 143
163 145 166 146
163 149 168 150
164 100 164 111
164 115 164 125
164 129 168 130
164 151 166 154
164 156 166 159
164 167 167 169
164 171 164 182
164 185 165 189
164 191 173 191
164 201 164 210
164 219 171 219
164 221 165 226
164 228 166 231
165 2 166 6
165 13 173 13
165 16 170 17
165 63 165 74
165 76 167 79
165 82 168 83
165 94 167 96
165 99 172 99
165 105 167 107
165 115 165 125
165 170 165 178
165 209 168 210
166 63 166 72
166 100 169 102
166 115 167 120
166 125 175 125
166 170 166 180
166 182 176 182
166 184 168 187
166 189 175 189
166 196 166 203
166 205 176 205
166 220 169 222
166 224 169 225
167 52 167 60
167 62 172 63
167 65 167 74
167 170 167 180
167 192 169 195
168 0 168 11
168 18 176 18
168 21 178 21
168 30 171 32
168 34 171 36
168 52 168 61
168 66 169 70
168 72 172 73
168 75 171 77
168 95 171 96
168 104 169 109
168 111 177 111
168 113 169 116
168 119 170 121
168 135 170 137
168 140 170 143
168 145 172 146
168 151 168 160
168 162 168 173
168 175 175 175
168 226 168 235
169 0 169 9
169 50 170 53
169 56 171 58
169 82 171 84
169 126 170 130
169 147 169 157
169 162 170 167
169 169 171 172
169 176 171 178
169 226 169 235
169 237 179 237
169 239 179 239
170 0 173 1
170 100 170 110
170 112 174 113
170 115 171 118
170 122 172 124
170 131 178 131
170 148 173 149
170 151 173 153
170 155 174 156
170 179 177 179
170 192 171 197
170 199 178 199
170 206 170 213
170 215 173 217
170 222 172 224
170 226 173 227
170 231 177 231
171 3 171 11
171 15 180 15
171 23 178 23
171 39 172 44
171 49 181 49
171 51 173 53
171 55 180 55
171 59 180 59
171 64 176 65
171 67 174 69
171 85 172 90
171 92 176 93
171 97 174 98
171 100 173 102
171 134 171 142
171 147 178 147
171 157 176 158
171 162 179 162
171 164 174 166
171 240 171 248
172 7 173 10
172 24 174 27
172 74 172 84
172 132 172 142
172 206 172 214
173 28 173 37
173 70 173 81
173 83 178 84
173 132 173 143
173 145 178 146
173 159 177 160
173 167 174 171
173 184 175 186
174 0 174 11
174 28 175 33
174 35 181 35
174 37 177 39
174 44 177 45
174 51 182 51
174 53 177 54
174 70 174 79
174 209 174 216
174 218 175 222
174 240 174 248
175 1 184 1
175 3 175 12
175 16 180 17
175 70 175 78
175 98 176 101
175 112 175 120
175 122 179 123
175 126 184 126
175 128 177 130
175 132 176 137
175 164 175 173
175 190 176 195
175 207 182 207
175 212 176 215
175 223 176 228
175 240 176 245
176 2 178 4
176 12 183 12
176 66 176 77
176 79 179 81
176 95 179 96
176 104 180 105
176 113 184 113
176 115 184 115
176 117 178 120
176 138 177 143
176 148 177 152
176 154 181 155
176 163 176 173
176 175 181 176
176 180 180 181
176 217 177 220
176 232 177 236
177 62 177 70
177 72 178 76
177 82 184 82
177 87 178 91
177 93 182 94
177 163 177 173
177 182 178 185
177 187 177 196
177 200 186 200
177 203 179 205
177 208 182 209
178 36 178 47
178 54 185 54
178 56 186 56
178 60 183 61
178 67 179 70
178 132 178 143
178 148 181 150
178 158 181 159
178 163 178 172
178 186 179 190
178 192 179 196
178 213 178 220
178 222 179 227
178 231 179 235
178 238 188 238
178 240 181 242
179 2 180 7
179 10 184 11
179 18 187 18
179 20 188 20
179 25 179 34
179 36 188 36
179 38 189 38
179 40 181 42
179 44 181 47
179 52 183 53
179 57 186 57
179 71 180 76
179 83 182 85
179 87 181 89
179 101 186 101
179 103 188 103
179 106 183 107
179 116 183 117
179 120 183 121
179 128 183 129
179 131 179 141
179 143 184 144
179 163 180 168
179 171 181 174
179 177 184 178
179 182 182 184
179 201 186 201
179 212 182 213
179 217 186 217
179 219 181 221
180 24 181 27
180 62 180 70
180 77 190 77
180 95 181 100
180 108 187 108
180 130 181 133
180 185 180 196
180 222 180 233
180 235 185 236
180 239 190 239
180 243 190 243
180 247 183 248
181 64 181 71
181 134 181 142
181 145 189 145
181 156 184 157
181 160 184 162
181 164 182 167
181 169 186 170
181 185 183 188
181 190 182 195
181 197 186 198
181 202 182 206
181 222 181 232
182 22 182 30
182 62 183 67
182 74 185 75
182 78 192 78
182 80 186 81
182 130 182 139
182 141 192 141
182 218 182 229
183 21 183 29
183 31 184 35
183 39 186 41
183 43 188 44
183 46 184 51
183 88 183 96
183 148 183 155
183 173 184 176
183 179 184 184
183 189 186 190
183 192 185 194
183 202 186 204
183 218 183 229
183 231 191 231
183 240 185 242
184 2 185 5
184 26 185 29
184 52 188 53
184 58 184 68
184 70 185 73
184 89 186 91
184 94 191 94
184 96 186 99
184 102 192 102
184 127 184 137
184 146 188 147
184 149 186 152
184 163 186 166
184 208 184 216
184 219 187 220
184 226 186 228
184 246 187 247
185 6 193 6
185 58 185 68
185 109 185 120
185 137 192 137
185 139 194 139
185 171 185 181
185 207 185 216
186 21 186 32
186 34 191 35
186 45 187 49
186 58 186 68
186 70 191 71
186 83 189 84
186 109 186 120
186 124 189 125
186 127 187 131
186 171 186 181
186 183 187 186
186 205 186 214
186 221 188 224
187 7 187 16
187 21 189 24
187 54 187 64
187 109 187 119
187 148 187 156
187 158 191 159
187 161 187 171
187 173 187 181
187 194 187 202
187 204 190 206
187 226 190 227
188 7 188 17
188 55 188 66
188 104 188 114
188 126 188 135
188 142 193 143
188 148 188 157
188 161 197 161
188 163 193 164
188 166 190 169
188 172 190 175
188 177 197 177
188 179 197 179
188 181 189 186
188 188 188 197
188 199 191 201
188 207 188 214
189 7 189 18
189 25 190 30
189 41 189 48
189 58 189 67
189 85 190 90
189 97 191 99
189 103 189 112
189 118 191 120
189 146 189 154
189 156 198 156
189 187 191 190
189 193 190 197
189 207 191 210
189 212 194 213
190 9 190 17
190 20 192 22
190 31 194 32
190 39 190 47
190 49 192 51
190 53 192 55
190 61 191 65
190 215 190 224
190 228 194 229
190 232 198 232
190 234 193 236
190 241 197 241
190 244 191 248
191 7 191 18
191 37 198 37
191 79 191 89
191 103 191 114
191 121 193 124
191 126 193 129
191 165 191 176
191 215 191 223
192 7 192 14
192 16 194 18
192 23 193 27
192 34 194 36
